5
12,56
|  4,29	|  119,59  |
--------------------
|  4,43	|  130,82  |
--------------------
|  4,57	|  142,69  |
--------------------
|  4,71	|  155,23  |
--------------------
|  4,86	|  168,45  |
--------------------
|  5,00	|  182,36  |
--------------------
|  5,14	|  197,00  |
--------------------
|  5,29	|  212,37  |
--------------------
|  5,43	|  228,49  |
--------------------
|  5,57	|  245,38  |
--------------------
|  5,71	|  263,06  |
--------------------
|  5,86	|  281,55  |
--------------------
|  6,00	|  300,85  |
--------------------
|  6,14	|  321,00  |
--------------------
|  6,29	|  342,00  |
--------------------